3330 3341 0.402451
3330 3342 0.4390611
3330 3343 0.4103077
3330 3344 0.4468826
3330 3345 0.372381
3330 3354 0.3709524
3341 3342 0.5973856
3341 3343 0.5305555
3341 3344 0.5733293
3341 3345 0.4165033
3341 3352 0.3341503
3341 3354 0.373366
3341 6612 0.3381063
3341 6618 0.3195484
3341 8211 0.3063726
3341 8429 0.3003387
3342 3343 0.5724331
3342 3344 0.6202926
3342 3345 0.4281271
3342 3352 0.3886313
3342 3354 0.3023085
3342 6612 0.3554917
3342 6651 0.356119
3343 3344 0.493012
3343 3345 0.4106933
3343 3352 0.415469
3343 3354 0.313578
3343 6612 0.3415893
3343 6651 0.421802
3343 8211 0.366197
3344 3345 0.3634971
3344 3352 0.3447762
3344 3354 0.30757
3344 6612 0.3408743
3345 3352 0.3396465
3345 3354 0.4155158
3351 3353 0.4039216
3351 6644 0.3462885
3351 6648 0.3418804
3351 6658 0.3162393
3351 6664 0.3065619
3351 8935 0.3373555
3352 3354 0.3053381
3352 6644 0.3632756
3352 6651 0.3001978
3352 8991 0.3312121
3353 6623 0.3898693
3353 6631 0.3506536
3353 6632 0.3117144
3353 6633 0.3329248
3353 6637 0.3898693
3353 6638 0.3080049
3353 6642 0.3433123
3353 6643 0.3187364
3353 6644 0.3034547
3353 6645 0.325463
3353 6647 0.3504759
3353 6648 0.3535445
3353 6649 0.3373555
3353 6652 0.3227273
3353 6658 0.3373555
3353 6664 0.391661
3353 8212 0.3375864
3353 8932 0.3038208
3353 8935 0.3908497
3353 8939 0.3577614
3353 8952 0.3117144
3353 8981 0.3765711
3353 8989 0.3629965
3354 6645 0.3112702
6611 6618 0.4244166
6611 6623 0.411563
6611 6632 0.4442584
6611 6633 0.4585327
6611 6635 0.5166667
6611 6637 0.3128389
6611 6638 0.4920635
6611 6644 0.3815296
6611 6645 0.3446571
6611 6647 0.4784689
6611 6648 0.3279904
6611 6651 0.3339637
6611 6652 0.4363636
6611 6658 0.312201
6611 6664 0.3224349
6611 8211 0.402983
6611 8212 0.445166
6611 8219 0.3693821
6611 8922 0.4490431
6611 8924 0.3113238
6611 8928 0.3531621
6611 8931 0.3908046
6611 8932 0.5713834
6611 8935 0.3933812
6611 8939 0.3264753
6611 8946 0.3972887
6612 6618 0.4365325
6612 6638 0.3405573
6612 6643 0.3065016
6612 6645 0.3142415
6612 6651 0.5216718
6612 6664 0.3219814
6612 8211 0.501032
6612 8219 0.4922601
6612 8421 0.5234972
6612 8422 0.5518519
6612 8423 0.3990422
6612 8424 0.4593275
6612 8429 0.4388018
6612 8431 0.5076967
6612 8432 0.502064
6612 8433 0.4604885
6612 8434 0.5160517
6612 8435 0.4420024
6612 8439 0.4081722
6612 8441 0.3669072
6612 8451 0.3562331
6612 8452 0.4139952
6612 8459 0.3851701
6612 8462 0.3692695
6612 8463 0.3658612
6612 8465 0.3940476
6612 8472 0.4157895
6612 8483 0.3044376
6612 8510 0.4081527
6612 8931 0.3679051
6612 8932 0.3405573
6612 8991 0.3219814
6612 8993 0.3405573
6613 6623 0.3145425
6613 6624 0.4570262
6613 6633 0.313317
6613 6648 0.3159314
6613 6652 0.3060606
6613 8483 0.3053664
6613 8946 0.3515595
6618 6623 0.3441578
6618 6633 0.4561798
6618 6635 0.4217641
6618 6638 0.3643598
6618 6645 0.314471
6618 6647 0.3414383
6618 6651 0.54174
6618 6652 0.3184498
6618 8211 0.3886799
6618 8212 0.3731345
6618 8219 0.3515948
6618 8422 0.4153439
6618 8424 0.3323268
6618 8434 0.3030457
6618 8922 0.4001688
6618 8928 0.3326635
6618 8931 0.405782
6618 8932 0.4102698
6618 8935 0.3312703
6618 8946 0.3224955
6618 8993 0.304303
6623 6624 0.4023693
6623 6631 0.4041667
6623 6632 0.455235
6623 6633 0.4901961
6623 6635 0.3561403
6623 6637 0.5819445
6623 6638 0.3733956
6623 6642 0.3690476
6623 6644 0.39169
6623 6645 0.4050926
6623 6647 0.3319573
6623 6648 0.5495726
6623 6651 0.3109752
6623 6652 0.4515152
6623 6658 0.4344017
6623 6664 0.3248272
6623 8212 0.3089542
6623 8922 0.3973168
6623 8924 0.313317
6623 8932 0.3867984
6623 8933 0.425
6623 8935 0.5026961
6623 8939 0.4041667
6623 8946 0.4745614
6623 8989 0.3212607
6624 6644 0.3182773
6624 6645 0.4116285
6624 6648 0.3708522
6624 6651 0.3217278
6624 6652 0.3378788
6624 6664 0.3558517
6624 8211 0.3213191
6624 8219 0.3076233
6624 8481 0.3155028
6624 8483 0.3571208
6624 8510 0.3071429
6624 8921 0.3080882
6624 8922 0.3560371
6624 8932 0.3589723
6624 8946 0.38577
6624 8952 0.30477
6631 6632 0.4249084
6631 6633 0.410403
6631 6637 0.4722222
6631 6642 0.3287546
6631 8933 0.3055556
6631 8935 0.3339367
6631 8939 0.4234127
6631 8951 0.3045843
6631 8983 0.3131313
6631 8989 0.4059829
6631 8998 0.3418804
6632 6633 0.4901961
6632 6635 0.4236842
6632 6637 0.4981685
6632 6638 0.4044201
6632 6639 0.3754579
6632 6642 0.5176282
6632 6644 0.3537582
6632 6645 0.3187831
6632 6647 0.5370944
6632 6648 0.4010989
6632 6649 0.3654864
6632 6652 0.3545454
6632 6658 0.3754579
6632 8212 0.3733956
6632 8921 0.3121032
6632 8922 0.4169247
6632 8924 0.4229692
6632 8928 0.4294393
6632 8932 0.429776
6632 8933 0.4410256
6632 8935 0.4858723
6632 8939 0.575
6632 8946 0.4929824
6632 8947 0.3398693
6632 8951 0.3003663
6632 8952 0.3150183
6632 8959 0.3003663
6632 8983 0.3479854
6632 8989 0.4505495
6633 6635 0.4921053
6633 6637 0.4114924
6633 6638 0.3885471
6633 6642 0.3526689
6633 6645 0.3145425
6633 6647 0.3896916
6633 6648 0.4127179
6633 6649 0.3657407
6633 6651 0.3446916
6633 6652 0.4363636
6633 6664 0.3072834
6633 6665 0.313317
6633 8211 0.3680898
6633 8212 0.4563302
6633 8219 0.3812869
6633 8921 0.3721405
6633 8922 0.4834881
6633 8924 0.4237473
6633 8928 0.4287806
6633 8931 0.3908046
6633 8932 0.5005797
6633 8933 0.3525327
6633 8935 0.5599129
6633 8939 0.5502451
6633 8946 0.351462
6633 8947 0.3017429
6633 8951 0.3341503
6633 8989 0.3341503
6633 8993 0.3011111
6635 6637 0.3052632
6635 6638 0.4371155
6635 6642 0.3570175
6635 6644 0.3154971
6635 6645 0.3570175
6635 6647 0.4412281
6635 6648 0.3052632
6635 6649 0.3385965
6635 6651 0.3780497
6635 6652 0.3712121
6635 6658 0.4061404
6635 6664 0.3338384
6635 8211 0.3911057
6635 8212 0.6207792
6635 8219 0.3574469
6635 8922 0.5078948
6635 8928 0.4839817
6635 8931 0.4252874
6635 8932 0.5157312
6635 8935 0.4903509
6635 8939 0.4578947
6635 8946 0.3333333
6635 8951 0.3061404
6635 8993 0.3684568
6635 8996 0.372807
6637 6638 0.3717248
6637 6639 0.3712121
6637 6641 0.3909091
6637 6642 0.4407051
6637 6644 0.3537582
6637 6645 0.3981481
6637 6647 0.3515652
6637 6648 0.4615385
6637 6652 0.3227273
6637 6658 0.4871795
6637 8922 0.3581011
6637 8924 0.3123249
6637 8933 0.4333333
6637 8935 0.449271
6637 8939 0.3996032
6637 8946 0.3504874
6637 8952 0.3406594
6637 8959 0.3432901
6637 8983 0.3631313
6637 8989 0.4871795
6638 6642 0.3883193
6638 6643 0.3520164
6638 6644 0.4505962
6638 6645 0.3558517
6638 6647 0.437837
6638 6648 0.3551303
6638 6649 0.304891
6638 6651 0.3895687
6638 6652 0.3383839
6638 6664 0.3751804
6638 8211 0.3446907
6638 8212 0.3845599
6638 8219 0.3093566
6638 8922 0.3390294
6638 8928 0.421642
6638 8931 0.4367816
6638 8932 0.429776
6638 8935 0.4020278
6638 8939 0.3710033
6638 8946 0.3489178
6638 8993 0.3165432
6639 6641 0.4259259
6639 6644 0.3024043
6639 6648 0.3333333
6639 6649 0.3028083
6639 6658 0.3589744
6639 8939 0.3803571
6639 8952 0.3663004
6639 8982 0.3952991
6639 8989 0.4337607
6641 8952 0.3168498
6641 8959 0.3306878
6641 8974 0.3353536
6641 8983 0.3825758
6641 8989 0.3747863
6642 6644 0.3083567
6642 6647 0.3700837
6642 6648 0.3514194
6642 6649 0.4153439
6642 6658 0.3704213
6642 8922 0.3973168
6642 8924 0.3242297
6642 8928 0.3405065
6642 8932 0.3171542
6642 8933 0.3514194
6642 8935 0.3964932
6642 8939 0.3720238
6642 8946 0.3866472
6642 8952 0.3125
6642 8959 0.3276099
6642 8983 0.3495879
6642 8989 0.40087
6642 8996 0.3287546
6643 6644 0.3892196
6643 6645 0.5185185
6643 6647 0.3460039
6643 6648 0.3565324
6643 6652 0.3212121
6643 6664 0.3359156
6643 8935 0.3174603
6643 8981 0.3633959
6643 8989 0.3412699
6644 6645 0.3594771
6644 6647 0.3753501
6644 6648 0.4467787
6644 6651 0.300964
6644 6652 0.4299423
6644 6664 0.453824
6644 6666 0.3106377
6644 8211 0.3208812
6644 8219 0.3225233
6644 8922 0.3230626
6644 8931 0.3563218
6644 8932 0.301502
6644 8935 0.4247199
6644 8939 0.3842787
6644 8946 0.3671958
6644 8993 0.3433333
6645 6647 0.3700837
6645 6648 0.3366402
6645 6651 0.3002472
6645 6652 0.3848485
6645 6658 0.3528439
6645 6664 0.304891
6645 8212 0.3209919
6645 8483 0.3219298
6645 8922 0.4453618
6645 8935 0.3213508
6645 8939 0.3472222
6645 8946 0.3497076
6645 8952 0.3396164
6647 6648 0.3319573
6647 6651 0.3550612
6647 6652 0.3878788
6647 8211 0.3788177
6647 8212 0.4991646
6647 8219 0.3689412
6647 8922 0.4649696
6647 8924 0.3907809
6647 8928 0.4294393
6647 8931 0.3678161
6647 8932 0.5175494
6647 8933 0.3670451
6647 8935 0.4464511
6647 8939 0.4247793
6647 8946 0.4929824
6647 8989 0.3175668
6648 6652 0.5166667
6648 6658 0.3333333
6648 6664 0.3248272
6648 8212 0.3089542
6648 8921 0.3551587
6648 8922 0.3405573
6648 8924 0.3557423
6648 8931 0.3103448
6648 8932 0.3008432
6648 8933 0.3418804
6648 8935 0.6516843
6648 8939 0.4234127
6648 8946 0.3005848
6648 8952 0.3663004
6648 8981 0.3076923
6648 8989 0.4871795
6649 8212 0.3248272
6649 8935 0.3239963
6649 8952 0.3327228
6649 8982 0.3654864
6649 8989 0.3469678
6651 6652 0.4114324
6651 6664 0.3343468
6651 8211 0.5685948
6651 8212 0.4114077
6651 8219 0.5115066
6651 8421 0.4377613
6651 8422 0.4529101
6651 8423 0.300418
6651 8424 0.4355179
6651 8429 0.3007356
6651 8431 0.4294003
6651 8432 0.4527153
6651 8433 0.3415895
6651 8434 0.4057086
6651 8435 0.3168498
6651 8439 0.3162595
6651 8452 0.3588101
6651 8463 0.3422005
6651 8465 0.3115079
6651 8472 0.3253968
6651 8510 0.3677049
6651 8922 0.3228278
6651 8931 0.4781238
6651 8932 0.5007539
6651 8935 0.3013225
6651 8993 0.4232851
6652 6664 0.5166667
6652 6665 0.3712121
6652 6666 0.4030303
6652 8211 0.4716475
6652 8212 0.4753968
6652 8219 0.4638296
6652 8421 0.3281075
6652 8422 0.3679894
6652 8424 0.3133848
6652 8431 0.3445904
6652 8432 0.3600163
6652 8434 0.3137432
6652 8472 0.387963
6652 8481 0.3712121
6652 8510 0.4214286
6652 8922 0.3227273
6652 8924 0.3409091
6652 8931 0.3908046
6652 8932 0.4727536
6652 8935 0.519697
6652 8939 0.3893939
6652 8946 0.3863636
6652 8947 0.3227273
6652 8989 0.3227273
6652 8997 0.3791209
6658 6664 0.3224349
6658 6674 0.3065476
6658 8922 0.375645
6658 8932 0.3141765
6658 8935 0.3757667
6658 8939 0.3521825
6658 8946 0.3163743
6658 8952 0.3901099
6658 8959 0.3479854
6658 8983 0.3589744
6658 8989 0.4102564
6664 6665 0.4371155
6664 6666 0.4753968
6664 6674 0.3065619
6664 8211 0.4145046
6664 8212 0.3852814
6664 8219 0.4046859
6664 8310 0.3248272
6664 8421 0.3826621
6664 8422 0.3677249
6664 8424 0.3320133
6664 8429 0.333072
6664 8431 0.3608505
6664 8432 0.4717629
6664 8433 0.3412113
6664 8434 0.3802596
6664 8435 0.3333333
6664 8439 0.3026314
6664 8441 0.3129389
6664 8443 0.3022059
6664 8452 0.3267131
6664 8465 0.352381
6664 8472 0.387963
6664 8481 0.4020278
6664 8510 0.4109524
6664 8931 0.3678161
6664 8932 0.4576021
6664 8935 0.3416496
6664 8939 0.3217134
6664 8946 0.3096757
6664 8952 0.3224349
6664 8981 0.3041695
6664 8993 0.395679
6664 8997 0.3901099
6665 6666 0.4587719
6665 8310 0.4455532
6665 8481 0.3689944
6665 8482 0.3869048
6665 8484 0.3063726
6665 8510 0.332381
6665 8921 0.3303571
6665 8935 0.3017741
6665 8939 0.3537698
6665 8941 0.389881
6665 8947 0.3398693
6665 8952 0.3422619
6665 8982 0.3422619
6665 8997 0.3177656
6665 8999 0.3184524
6666 8211 0.3914888
6666 8212 0.3710033
6666 8219 0.4174725
6666 8310 0.4042885
6666 8421 0.3368663
6666 8431 0.3026892
6666 8432 0.3800127
6666 8433 0.3257074
6666 8434 0.3301954
6666 8442 0.3210537
6666 8451 0.3334745
6666 8452 0.3753949
6666 8459 0.3108844
6666 8463 0.3136775
6666 8465 0.3202381
6666 8472 0.4148148
6666 8481 0.45
6666 8482 0.4051657
6666 8484 0.3497076
6666 8510 0.4761905
6666 8931 0.3678161
6666 8935 0.3699805
6666 8947 0.3163743
6666 8952 0.3005848
6666 8982 0.3172515
6666 8991 0.3503174
6666 8993 0.4219136
6666 8997 0.3287546
6672 6673 0.4810256
6672 8973 0.3504981
6673 8973 0.4538697
6673 8991 0.306453
6673 9310 0.3039702
6674 8310 0.4676121
6674 8482 0.3065476
6674 8484 0.3884804
6674 8947 0.4346405
6674 8952 0.3690476
6674 8972 0.55
6674 8989 0.3095238
6674 8999 0.3482143
8211 8212 0.494636
8211 8219 0.7164751
8211 8421 0.4856916
8211 8422 0.5095238
8211 8423 0.3238419
8211 8424 0.4338349
8211 8429 0.3412021
8211 8431 0.457595
8211 8432 0.4729918
8211 8433 0.4047304
8211 8434 0.4570236
8211 8435 0.3418804
8211 8439 0.3418702
8211 8441 0.3203463
8211 8451 0.3338039
8211 8452 0.4154284
8211 8459 0.3108844
8211 8462 0.3262348
8211 8463 0.3577311
8211 8465 0.3690476
8211 8472 0.4055555
8211 8483 0.3105638
8211 8510 0.4728243
8211 8931 0.5455939
8211 8932 0.5061303
8211 8935 0.3779967
8211 8939 0.3101806
8211 8946 0.3105911
8211 8993 0.4950192
8212 8219 0.48808
8212 8421 0.3188483
8212 8422 0.3113757
8212 8432 0.3179543
8212 8433 0.3013172
8212 8434 0.3145771
8212 8452 0.3148376
8212 8472 0.318254
8212 8481 0.3527379
8212 8510 0.3457143
8212 8922 0.3892686
8212 8928 0.3432148
8212 8931 0.4482759
8212 8932 0.4879051
8212 8935 0.4921395
8212 8939 0.4856839
8212 8946 0.3541809
8212 8947 0.4036987
8212 8951 0.3392572
8212 8991 0.3105051
8212 8993 0.4887037
8212 8997 0.3424909
8219 8421 0.3818672
8219 8422 0.452381
8219 8423 0.3236503
8219 8424 0.3568954
8219 8429 0.3737321
8219 8431 0.4127232
8219 8432 0.4622391
8219 8433 0.3888484
8219 8434 0.4403465
8219 8435 0.3418804
8219 8439 0.3484062
8219 8441 0.3434584
8219 8451 0.3337725
8219 8452 0.4067802
8219 8459 0.3378231
8219 8463 0.356539
8219 8465 0.3440476
8219 8472 0.4329365
8219 8510 0.4876695
8219 8931 0.4942529
8219 8932 0.5719151
8219 8935 0.370644
8219 8939 0.3459527
8219 8946 0.3323451
8219 8947 0.3093566
8219 8991 0.3102384
8219 8993 0.5008667
8219 8997 0.388752
8310 8431 0.3019769
8310 8432 0.3176742
8310 8433 0.3092627
8310 8434 0.3308372
8310 8439 0.3026314
8310 8441 0.3050024
8310 8442 0.3693306
8310 8443 0.365482
8310 8463 0.3287456
8310 8471 0.3712905
8310 8472 0.3527778
8310 8481 0.3887169
8310 8482 0.3646709
8310 8484 0.5306373
8310 8510 0.3842857
8310 8947 0.3779956
8310 8952 0.4051121
8310 8972 0.4190359
8310 8973 0.3367816
8310 8991 0.3203175
8310 8997 0.3782051
8310 8999 0.4497549
8421 8422 0.6852781
8421 8423 0.5436259
8421 8424 0.7047817
8421 8429 0.7062041
8421 8431 0.7843791
8421 8432 0.7593808
8421 8433 0.7380052
8421 8434 0.7630537
8421 8435 0.7417582
8421 8439 0.6047065
8421 8441 0.5953824
8421 8442 0.6083289
8421 8443 0.5132191
8421 8451 0.5693268
8421 8452 0.6267501
8421 8459 0.567483
8421 8462 0.5831115
8421 8463 0.5903935
8421 8465 0.5571429
8421 8471 0.3933051
8421 8472 0.625926
8421 8481 0.4112789
8421 8510 0.6263028
8421 8931 0.3543396
8421 8993 0.428502
8422 8423 0.4967781
8422 8424 0.6878362
8422 8429 0.5199381
8422 8431 0.6991522
8422 8432 0.6325397
8422 8433 0.5871395
8422 8434 0.6355836
8422 8435 0.5579976
8422 8439 0.546416
8422 8441 0.4502886
8422 8442 0.4582011
8422 8443 0.3960317
8422 8451 0.4624192
8422 8452 0.5200168
8422 8459 0.4865306
8422 8462 0.4965986
8422 8463 0.5068816
8422 8465 0.5242063
8422 8471 0.3399471
8422 8472 0.5814815
8422 8481 0.3489418
8422 8510 0.4243386
8422 8931 0.3396825
8422 8932 0.3772487
8422 8993 0.3113757
8422 8997 0.3304233
8423 8424 0.5949669
8423 8429 0.6479972
8423 8431 0.5849181
8423 8432 0.5079589
8423 8433 0.6706026
8423 8434 0.636381
8423 8435 0.6356844
8423 8439 0.821247
8423 8441 0.7053291
8423 8442 0.5790491
8423 8443 0.486799
8423 8451 0.6824103
8423 8452 0.6126437
8423 8459 0.7295716
8423 8462 0.6997736
8423 8463 0.7166318
8423 8465 0.5896552
8423 8471 0.3067921
8423 8472 0.5390804
8423 8510 0.4044061
8423 8973 0.3346395
8423 8993 0.3362766
8423 8997 0.3297805
8424 8429 0.6475029
8424 8431 0.7127669
8424 8432 0.6516517
8424 8433 0.6980931
8424 8434 0.7451234
8424 8435 0.6746032
8424 8439 0.674346
8424 8441 0.6119769
8424 8442 0.5484605
8424 8443 0.4397749
8424 8451 0.5817492
8424 8452 0.6419016
8424 8459 0.595102
8424 8462 0.5949423
8424 8463 0.6184953
8424 8465 0.6523809
8424 8471 0.3710854
8424 8472 0.5779304
8424 8510 0.4408475
8424 8931 0.3404118
8424 8993 0.4083424
8424 8997 0.3318648
8429 8431 0.7399245
8429 8432 0.6504743
8429 8433 0.7854487
8429 8434 0.7810008
8429 8435 0.804607
8429 8439 0.7113599
8429 8441 0.7716931
8429 8442 0.6752613
8429 8443 0.6175281
8429 8451 0.7286373
8429 8452 0.7238676
8429 8459 0.7228571
8429 8462 0.6823425
8429 8463 0.7108669
8429 8465 0.6262679
8429 8471 0.3745258
8429 8472 0.6014615
8429 8481 0.3253291
8429 8484 0.3253291
8429 8510 0.4711382
8429 8991 0.3169957
8429 8993 0.3901955
8429 8997 0.3417925
8431 8432 0.7699604
8431 8433 0.8092672
8431 8434 0.8820096
8431 8435 0.7703475
8431 8439 0.6777376
8431 8441 0.6264069
8431 8442 0.5957022
8431 8443 0.5076263
8431 8451 0.6455392
8431 8452 0.6930103
8431 8459 0.6010884
8431 8462 0.5903579
8431 8463 0.6301603
8431 8465 0.6260647
8431 8471 0.3897575
8431 8472 0.6112501
8431 8481 0.379786
8431 8510 0.5703043
8431 8931 0.3523035
8431 8993 0.4219825
8431 8997 0.3615628
8432 8433 0.6897784
8432 8434 0.7557575
8432 8435 0.6666667
8432 8439 0.5942227
8432 8441 0.550457
8432 8442 0.5913165
8432 8443 0.494958
8432 8451 0.5820786
8432 8452 0.6076596
8432 8459 0.527483
8432 8462 0.496155
8432 8463 0.5580274
8432 8465 0.5412698
8432 8471 0.3281468
8432 8472 0.6338624
8432 8481 0.4395048
8432 8510 0.5705792
8432 8931 0.3695401
8432 8932 0.3140146
8432 8993 0.4502575
8432 8997 0.359456
8433 8434 0.8650253
8433 8435 0.8648408
8433 8439 0.7635007
8433 8441 0.7332612
8433 8442 0.6429067
8433 8443 0.5954722
8433 8451 0.7124035
8433 8452 0.7731742
8433 8459 0.7095238
8433 8462 0.7027507
8433 8463 0.7333356
8433 8465 0.6901656
8433 8471 0.3652144
8433 8472 0.6357265
8433 8481 0.3493414
8433 8484 0.3017043
8433 8510 0.5310032
8433 8931 0.3098344
8433 8973 0.340446
8433 8991 0.3020825
8433 8993 0.4289271
8433 8997 0.3969694
8434 8435 0.8366687
8434 8439 0.7190083
8434 8441 0.7029341
8434 8442 0.6614496
8434 8443 0.5594615
8434 8451 0.697252
8434 8452 0.771513
8434 8459 0.6621768
8434 8462 0.6465543
8434 8463 0.6966825
8434 8465 0.6830043
8434 8471 0.4157313
8434 8472 0.6437137
8434 8481 0.3731883
8434 8484 0.3135183
8434 8510 0.5605203
8434 8931 0.3548106
8434 8973 0.3147691
8434 8991 0.3049713
8434 8993 0.4657955
8434 8997 0.4146726
8435 8439 0.7440628
8435 8441 0.7334296
8435 8442 0.7173382
8435 8443 0.6422467
8435 8451 0.7044671
8435 8452 0.7603785
8435 8459 0.729932
8435 8462 0.703638
8435 8463 0.7179591
8435 8465 0.7293651
8435 8471 0.3760684
8435 8472 0.6124848
8435 8481 0.3669109
8435 8484 0.3089133
8435 8510 0.491453
8435 8993 0.4169719
8435 8997 0.4004884
8439 8441 0.7515181
8439 8442 0.6269025
8439 8443 0.5594879
8439 8451 0.7388093
8439 8452 0.6725073
8439 8459 0.7922724
8439 8462 0.7269352
8439 8463 0.7647831
8439 8465 0.6977317
8439 8471 0.3233517
8439 8472 0.5736724
8439 8481 0.3158964
8439 8510 0.447048
8439 8973 0.3556915
8439 8993 0.3620343
8439 8997 0.3706022
8441 8442 0.7112073
8441 8443 0.6036556
8441 8451 0.778034
8441 8452 0.7143098
8441 8459 0.7431293
8441 8462 0.7176871
8441 8463 0.7594259
8441 8465 0.5959115
8441 8471 0.3975709
8441 8472 0.603848
8441 8481 0.3437951
8441 8484 0.3289803
8441 8510 0.4506494
8441 8973 0.3813612
8441 8991 0.3280904
8441 8993 0.3358586
8441 8997 0.3901635
8442 8443 0.7372252
8442 8451 0.6903664
8442 8452 0.6188136
8442 8459 0.6552381
8442 8462 0.6461107
8442 8463 0.6966825
8442 8465 0.5904762
8442 8471 0.476431
8442 8472 0.6421958
8442 8481 0.3698752
8442 8484 0.3311547
8442 8510 0.456526
8442 8947 0.3213508
8442 8973 0.3886413
8442 8991 0.3003565
8442 8993 0.3693306
8442 8997 0.3695782
8443 8451 0.5851998
8443 8452 0.5719258
8443 8459 0.587483
8443 8462 0.5826678
8443 8463 0.6013289
8443 8465 0.5412698
8443 8471 0.4484477
8443 8472 0.5694444
8443 8481 0.375286
8443 8484 0.3655637
8443 8510 0.4385621
8443 8947 0.3035131
8443 8973 0.4190359
8443 8993 0.3329248
8443 8997 0.4073121
8451 8452 0.7569013
8451 8459 0.7839456
8451 8462 0.7585034
8451 8463 0.8163958
8451 8465 0.6220591
8451 8471 0.3941433
8451 8472 0.6148441
8451 8481 0.3565625
8451 8484 0.3182603
8451 8510 0.4169019
8451 8973 0.3775801
8451 8993 0.3341333
8451 8997 0.3638089
8452 8459 0.7302041
8452 8462 0.6878143
8452 8463 0.7315682
8452 8465 0.6033189
8452 8471 0.3909071
8452 8472 0.6116883
8452 8481 0.3602434
8452 8484 0.3108401
8452 8510 0.4468137
8452 8931 0.3173433
8452 8973 0.3134043
8452 8991 0.3202098
8452 8993 0.4247982
8452 8997 0.3844039
8459 8462 0.8379592
8459 8463 0.797551
8459 8465 0.6555102
8459 8471 0.3512925
8459 8472 0.6146939
8459 8510 0.3918367
8459 8973 0.3786395
8459 8993 0.3580953
8459 8997 0.3851701
8462 8463 0.7674457
8462 8465 0.6746525
8462 8471 0.3266785
8462 8472 0.6103224
8462 8510 0.4195504
8462 8973 0.3611358
8462 8993 0.3484176
8462 8997 0.3121857
8463 8465 0.6730218
8463 8471 0.3677828
8463 8472 0.6282387
8463 8481 0.3441221
8463 8510 0.4249829
8463 8973 0.3649775
8463 8993 0.3665907
8463 8997 0.3586148
8465 8471 0.3277778
8465 8472 0.606746
8465 8510 0.4424603
8465 8931 0.3031746
8465 8947 0.3115079
8465 8993 0.4099206
8465 8997 0.4015873
8471 8472 0.4064815
8471 8481 0.4623879
8471 8484 0.4623879
8471 8510 0.3590476
8471 8947 0.4161491
8471 8972 0.384403
8471 8973 0.4042146
8471 8997 0.3534799
8471 8998 0.3236715
8472 8481 0.4612434
8472 8484 0.3441799
8472 8510 0.4714286
8472 8931 0.3775132
8472 8947 0.3808201
8472 8973 0.3448413
8472 8991 0.3349206
8472 8993 0.4329365
8472 8997 0.4234127
8481 8482 0.3700837
8481 8483 0.3767286
8481 8484 0.4082101
8481 8510 0.397619
8481 8935 0.3164775
8481 8947 0.4902534
8481 8952 0.3907809
8481 8991 0.3369841
8481 8993 0.3422222
8481 8997 0.3415751
8481 8998 0.3917555
8481 8999 0.3525398
8482 8935 0.3373555
8482 8947 0.3398693
8482 8951 0.3348874
8482 8952 0.3424909
8482 8982 0.3696581
8482 8994 0.3813131
8482 8999 0.4312354
8483 8924 0.3385965
8483 8931 0.3333333
8483 8998 0.3608187
8484 8510 0.3338095
8484 8924 0.3394608
8484 8947 0.6034858
8484 8952 0.3259804
8484 8972 0.4289216
8484 8981 0.3676471
8484 8991 0.3211111
8484 8993 0.3298765
8484 8997 0.3653846
8484 8998 0.4485294
8484 8999 0.3676471
8510 8931 0.3218391
8510 8932 0.3338095
8510 8947 0.3204762
8510 8952 0.3338095
8510 8991 0.3085714
8510 8993 0.4510053
8510 8997 0.3690476
8921 8922 0.5108359
8921 8924 0.3562675
8921 8933 0.3313492
8921 8935 0.382528
8921 8939 0.3452381
8921 8960 0.302886
8922 8924 0.4014448
8922 8928 0.4769433
8922 8931 0.3678161
8922 8932 0.4304348
8922 8933 0.375645
8922 8935 0.5108359
8922 8939 0.4344685
8922 8946 0.4236842
8922 8951 0.3054696
8922 8989 0.3230134
8924 8928 0.3708096
8924 8931 0.3678161
8924 8932 0.3420026
8924 8933 0.3462185
8924 8935 0.4552754
8924 8939 0.4330532
8924 8947 0.3594771
8924 8951 0.3277311
8924 8959 0.3795518
8924 8983 0.3361345
8924 8989 0.359944
8924 8998 0.3123249
8928 8931 0.4252874
8928 8932 0.4376812
8928 8935 0.4294393
8928 8939 0.4294393
8928 8946 0.3516469
8928 8996 0.352291
8931 8932 0.4597701
8931 8935 0.4367816
8931 8939 0.4367816
8931 8947 0.3103448
8931 8973 0.3291188
8931 8993 0.5057471
8931 8997 0.3563218
8932 8935 0.4007905
8932 8939 0.4419499
8932 8946 0.4709354
8932 8993 0.4475926
8933 8935 0.3535445
8933 8939 0.4634921
8933 8946 0.3347953
8933 8959 0.3481482
8933 8989 0.3136752
8935 8939 0.6744164
8935 8946 0.3718324
8935 8947 0.3779956
8935 8951 0.4440422
8935 8952 0.4160598
8935 8981 0.3117144
8935 8989 0.5397688
8935 8993 0.3279012
8935 8998 0.3313223
8939 8941 0.377381
8939 8946 0.4060429
8939 8947 0.3965142
8939 8951 0.4918651
8939 8952 0.4011905
8939 8989 0.4234127
8939 8993 0.3823457
8939 8996 0.3329365
8939 8998 0.3775794
8941 8951 0.3146853
8941 8994 0.3777778
8947 8951 0.3028322
8947 8952 0.33878
8947 8972 0.3965142
8947 8981 0.3202614
8947 8989 0.3976035
8947 8991 0.3477778
8947 8993 0.3288889
8947 8997 0.3177656
8947 8998 0.4150327
8947 8999 0.3028322
8951 8998 0.3076923
8952 8972 0.3873016
8952 8981 0.4395604
8952 8982 0.5128205
8952 8989 0.510989
8952 8997 0.3168498
8952 8998 0.5384616
8952 8999 0.3663004
8959 8974 0.3275613
8959 8983 0.6216931
8959 8989 0.3787546
8959 8996 0.3479854
8960 8973 0.34
8972 8999 0.3412699
8973 8997 0.3209086
8974 8983 0.3905724
8981 8982 0.4102564
8981 8989 0.5557498
8981 8998 0.4209402
8982 8989 0.4871795
8982 8998 0.4358974
8982 8999 0.3076923
8983 8989 0.3747863
8983 8996 0.5021368
8989 8998 0.4722222
8991 8993 0.3684568
8991 8997 0.3049451
8993 8997 0.3168498
8994 8942 0.3333333
8998 8999 0.3141026
